========================================================================
Flow: 172.17.0.1:58758 -> 239.255.255.250:1900

second, bytes
0, 0
1, 0
2, 0
3, 0
4, 0
5, 0
6, 0
7, 0
8, 0
9, 0
10, 0
11, 0
12, 0
13, 0
14, 0
15, 0
16, 0
17, 0
18, 0
19, 0
20, 0
21, 0
22, 0
23, 0
24, 0
25, 0
26, 0
27, 0
28, 0
29, 0
30, 0
31, 0
32, 0
33, 0
34, 0
35, 0
36, 0
37, 0
38, 0
39, 0
40, 0
41, 0
42, 0
43, 0
44, 0
45, 0
46, 0
47, 0
48, 0
49, 0
50, 0
51, 0
52, 0
53, 0
54, 0
55, 0
56, 0
57, 0
58, 0
59, 0
60, 0
61, 0
62, 0
63, 0
64, 0
65, 0
66, 0
67, 0
68, 0
69, 0
70, 0
71, 0
72, 0
73, 0
74, 0
75, 0
76, 0
77, 0
78, 0
79, 0
80, 0
81, 0
82, 0
83, 0
84, 0
85, 0
86, 0
87, 0
88, 0
89, 0
90, 0
91, 0
92, 0
93, 0
94, 0
95, 0
96, 0
97, 0
98, 0
99, 0
100, 0
101, 0
102, 0
103, 0
104, 0
105, 0
106, 0
107, 0
108, 0
109, 0
110, 0
111, 0
112, 0
113, 0
114, 0
115, 0
116, 0
117, 213
118, 0
119, 213
120, 213
121, 213
122, 0
123, 0
124, 0
125, 0
126, 0
127, 0
128, 0
129, 0
130, 0
131, 0
132, 0
133, 0
134, 0
135, 0
136, 0
137, 0
138, 0
139, 0
140, 0
141, 0
142, 0
143, 0
144, 0
145, 0
146, 0
147, 0
148, 0
149, 0
150, 0
151, 0
152, 0
153, 0
154, 0
155, 0
156, 0
157, 0
158, 0
159, 0
160, 0
161, 0
162, 0
163, 0
164, 0
165, 0
166, 0
167, 0
168, 0
169, 0
170, 0
171, 0
172, 0
173, 0
174, 0
175, 0
176, 0
177, 0
178, 0
179, 0
180, 0
181, 0
182, 0
183, 0
184, 0
185, 0
186, 0
187, 0
188, 0
189, 0
190, 0
191, 0
192, 0
193, 0
194, 0
195, 0
196, 0
197, 0
198, 0
199, 0
200, 0
201, 0
202, 0
203, 0
========================================================================
========================================================================
Flow: 172.17.0.2:6369 -> 172.17.0.3:57563

second, bytes
0, 0
1, 177
2, 66
3, 66
4, 111
5, 66
6, 66
7, 0
8, 177
9, 66
10, 111
11, 66
12, 66
13, 66
14, 177
15, 0
16, 0
17, 243
18, 0
19, 66
20, 177
21, 0
22, 66
23, 520
24, 132
25, 1238
26, 0
27, 177
28, 66
29, 0
30, 330
31, 1585
32, 1374
33, 66
34, 177
35, 0
36, 132
37, 111
38, 0
39, 132
40, 0
41, 177
42, 66
43, 66
44, 0
45, 177
46, 0
47, 66
48, 111
49, 66
50, 631
51, 177
52, 66
53, 0
54, 177
55, 66
56, 0
57, 111
58, 132
59, 111
60, 0
61, 132
62, 111
63, 66
64, 177
65, 0
66, 66
67, 66
68, 111
69, 66
70, 66
71, 111
72, 66
73, 177
74, 0
75, 66
76, 0
77, 177
78, 0
79, 132
80, 177
81, 66
82, 0
83, 507
84, 132
85, 1316
86, 309
87, 66
88, 66
89, 177
90, 264
91, 0
92, 111
93, 132
94, 0
95, 0
96, 177
97, 66
98, 0
99, 177
100, 0
101, 66
102, 177
103, 0
104, 177
105, 66
106, 66
107, 0
108, 111
109, 865
110, 177
111, 0
112, 132
113, 0
114, 177
115, 66
116, 0
117, 0
118, 177
119, 66
120, 66
121, 0
122, 177
123, 0
124, 66
125, 111
126, 132
127, 111
128, 0
129, 177
130, 66
131, 111
132, 434
133, 66
134, 111
135, 66
136, 66
137, 0
138, 243
139, 0
140, 0
141, 177
142, 66
143, 0
144, 132
145, 1295
146, 0
147, 243
148, 0
149, 66
150, 264
151, 177
152, 0
153, 66
154, 0
155, 375
156, 198
157, 441
158, 264
159, 177
160, 0
161, 0
162, 177
163, 66
164, 177
165, 0
166, 66
167, 177
168, 0
169, 66
170, 177
171, 0
172, 66
173, 177
174, 745
175, 132
176, 111
177, 66
178, 111
179, 66
180, 66
181, 177
182, 434
183, 66
184, 177
185, 66
186, 0
187, 66
188, 111
189, 66
190, 0
191, 177
192, 0
193, 66
194, 0
195, 309
196, 462
197, 330
198, 177
199, 66
200, 66
201, 111
202, 66
203, 66
========================================================================
========================================================================
Flow: 172.17.0.3:57563 -> 172.17.0.2:6369

second, bytes
0, 0
1, 177
2, 111
3, 111
4, 66
5, 111
6, 111
7, 0
8, 177
9, 111
10, 66
11, 111
12, 111
13, 111
14, 177
15, 0
16, 0
17, 288
18, 0
19, 111
20, 177
21, 0
22, 111
23, 842
24, 111
25, 177
26, 0
27, 177
28, 111
29, 0
30, 1404
31, 860
32, 884
33, 111
34, 177
35, 0
36, 222
37, 66
38, 0
39, 222
40, 0
41, 177
42, 111
43, 111
44, 0
45, 177
46, 0
47, 111
48, 66
49, 111
50, 479
51, 177
52, 111
53, 0
54, 177
55, 111
56, 0
57, 66
58, 222
59, 66
60, 0
61, 222
62, 66
63, 111
64, 177
65, 0
66, 111
67, 111
68, 66
69, 111
70, 111
71, 66
72, 111
73, 177
74, 0
75, 111
76, 0
77, 177
78, 0
79, 222
80, 500
81, 111
82, 0
83, 1766
84, 772
85, 563
86, 1015
87, 386
88, 111
89, 177
90, 1283
91, 0
92, 66
93, 222
94, 0
95, 0
96, 177
97, 111
98, 0
99, 177
100, 0
101, 111
102, 177
103, 0
104, 177
105, 111
106, 111
107, 0
108, 66
109, 586
110, 177
111, 0
112, 222
113, 0
114, 177
115, 111
116, 0
117, 0
118, 177
119, 111
120, 111
121, 0
122, 177
123, 0
124, 111
125, 66
126, 222
127, 66
128, 0
129, 177
130, 111
131, 66
132, 699
133, 111
134, 0
135, 177
136, 111
137, 0
138, 288
139, 0
140, 0
141, 177
142, 111
143, 0
144, 222
145, 264
146, 0
147, 288
148, 0
149, 111
150, 1293
151, 177
152, 0
153, 111
154, 0
155, 1020
156, 1098
157, 1896
158, 1209
159, 177
160, 0
161, 0
162, 177
163, 111
164, 177
165, 0
166, 111
167, 177
168, 0
169, 111
170, 177
171, 0
172, 111
173, 177
174, 475
175, 222
176, 66
177, 111
178, 66
179, 111
180, 111
181, 177
182, 672
183, 111
184, 111
185, 111
186, 0
187, 111
188, 66
189, 111
190, 0
191, 177
192, 0
193, 111
194, 0
195, 865
196, 2145
197, 1695
198, 177
199, 111
200, 111
201, 66
202, 111
203, 111
========================================================================
========================================================================
Flow: 192.168.25.63:44865 -> 172.17.0.2:1883

second, bytes
0, 0
1, 0
2, 0
3, 0
4, 0
5, 0
6, 0
7, 0
8, 0
9, 0
10, 0
11, 0
12, 0
13, 0
14, 0
15, 0
16, 0
17, 0
18, 0
19, 0
20, 0
21, 0
22, 0
23, 0
24, 0
25, 0
26, 0
27, 0
28, 0
29, 0
30, 0
31, 308
32, 226
33, 0
34, 0
35, 0
36, 0
37, 0
38, 0
39, 0
40, 0
41, 0
42, 0
43, 0
44, 0
45, 0
46, 0
47, 0
48, 0
49, 0
50, 148
51, 0
52, 0
53, 0
54, 0
55, 0
56, 0
57, 0
58, 0
59, 0
60, 0
61, 0
62, 0
63, 0
64, 0
65, 0
66, 0
67, 0
68, 0
69, 0
70, 0
71, 0
72, 0
73, 0
74, 0
75, 0
76, 0
77, 0
78, 0
79, 0
80, 66
81, 0
82, 0
83, 264
84, 132
85, 66
86, 132
87, 66
88, 0
89, 0
90, 0
91, 0
92, 0
93, 0
94, 0
95, 0
96, 0
97, 0
98, 0
99, 0
100, 0
101, 0
102, 0
103, 0
104, 0
105, 0
106, 0
107, 0
108, 0
109, 152
110, 0
111, 0
112, 0
113, 0
114, 0
115, 0
116, 0
117, 0
118, 0
119, 0
120, 0
121, 0
122, 0
123, 0
124, 0
125, 0
126, 0
127, 0
128, 0
129, 0
130, 0
131, 0
132, 0
133, 0
134, 0
135, 0
136, 0
137, 0
138, 0
139, 0
140, 0
141, 0
142, 0
143, 0
144, 0
145, 0
146, 0
147, 0
148, 0
149, 0
150, 0
151, 0
152, 0
153, 0
154, 0
155, 346
156, 420
157, 700
158, 420
159, 0
160, 0
161, 0
162, 0
163, 0
164, 0
165, 0
166, 0
167, 0
168, 0
169, 0
170, 0
171, 0
172, 0
173, 0
174, 143
175, 0
176, 0
177, 0
178, 0
179, 0
180, 0
181, 0
182, 0
183, 0
184, 0
185, 0
186, 0
187, 0
188, 0
189, 0
190, 0
191, 0
192, 0
193, 0
194, 0
195, 132
196, 396
197, 330
198, 0
199, 0
200, 0
201, 0
202, 0
203, 0
========================================================================
========================================================================
Flow: 172.17.0.1:53377 -> 239.255.255.250:1900

second, bytes
0, 213
1, 213
2, 0
3, 0
4, 0
5, 0
6, 0
7, 0
8, 0
9, 0
10, 0
11, 0
12, 0
13, 0
14, 0
15, 0
16, 0
17, 0
18, 0
19, 0
20, 0
21, 0
22, 0
23, 0
24, 0
25, 0
26, 0
27, 0
28, 0
29, 0
30, 0
31, 0
32, 0
33, 0
34, 0
35, 0
36, 0
37, 0
38, 0
39, 0
40, 0
41, 0
42, 0
43, 0
44, 0
45, 0
46, 0
47, 0
48, 0
49, 0
50, 0
51, 0
52, 0
53, 0
54, 0
55, 0
56, 0
57, 0
58, 0
59, 0
60, 0
61, 0
62, 0
63, 0
64, 0
65, 0
66, 0
67, 0
68, 0
69, 0
70, 0
71, 0
72, 0
73, 0
74, 0
75, 0
76, 0
77, 0
78, 0
79, 0
80, 0
81, 0
82, 0
83, 0
84, 0
85, 0
86, 0
87, 0
88, 0
89, 0
90, 0
91, 0
92, 0
93, 0
94, 0
95, 0
96, 0
97, 0
98, 0
99, 0
100, 0
101, 0
102, 0
103, 0
104, 0
105, 0
106, 0
107, 0
108, 0
109, 0
110, 0
111, 0
112, 0
113, 0
114, 0
115, 0
116, 0
117, 0
118, 0
119, 0
120, 0
121, 0
122, 0
123, 0
124, 0
125, 0
126, 0
127, 0
128, 0
129, 0
130, 0
131, 0
132, 0
133, 0
134, 0
135, 0
136, 0
137, 0
138, 0
139, 0
140, 0
141, 0
142, 0
143, 0
144, 0
145, 0
146, 0
147, 0
148, 0
149, 0
150, 0
151, 0
152, 0
153, 0
154, 0
155, 0
156, 0
157, 0
158, 0
159, 0
160, 0
161, 0
162, 0
163, 0
164, 0
165, 0
166, 0
167, 0
168, 0
169, 0
170, 0
171, 0
172, 0
173, 0
174, 0
175, 0
176, 0
177, 0
178, 0
179, 0
180, 0
181, 0
182, 0
183, 0
184, 0
185, 0
186, 0
187, 0
188, 0
189, 0
190, 0
191, 0
192, 0
193, 0
194, 0
195, 0
196, 0
197, 0
198, 0
199, 0
200, 0
201, 0
202, 0
203, 0
========================================================================
========================================================================
Flow: 0.0.0.0:-1 -> 128.68.142.255:-1

second, bytes
0, 0
1, 0
2, 0
3, 0
4, 0
5, 0
6, 0
7, 0
8, 0
9, 0
10, 0
11, 0
12, 0
13, 0
14, 0
15, 0
16, 0
17, 0
18, 0
19, 0
20, 0
21, 0
22, 0
23, 0
24, 0
25, 0
26, 0
27, 0
28, 0
29, 0
30, 0
31, 0
32, 0
33, 0
34, 0
35, 0
36, 0
37, 0
38, 0
39, 0
40, 0
41, 0
42, 0
43, 0
44, 0
45, 0
46, 0
47, 0
48, 0
49, 0
50, 0
51, 0
52, 0
53, 0
54, 0
55, 0
56, 0
57, 0
58, 0
59, 0
60, 0
61, 0
62, 0
63, 0
64, 0
65, 0
66, 0
67, 0
68, 0
69, 0
70, 0
71, 0
72, 0
73, 0
74, 0
75, 0
76, 0
77, 0
78, 0
79, 0
80, 0
81, 0
82, 0
83, 0
84, 0
85, 0
86, 0
87, 0
88, 0
89, 0
90, 0
91, 0
92, 0
93, 0
94, 0
95, 0
96, 0
97, 0
98, 0
99, 0
100, 0
101, 0
102, 0
103, 0
104, 0
105, 0
106, 0
107, 0
108, 0
109, 0
110, 0
111, 0
112, 0
113, 0
114, 0
115, 0
116, 0
117, 0
118, 0
119, 0
120, 0
121, 0
122, 0
123, 0
124, 0
125, 0
126, 0
127, 0
128, 0
129, 0
130, 0
131, 0
132, 0
133, 70
134, 0
135, 0
136, 0
137, 0
138, 0
139, 0
140, 0
141, 0
142, 0
143, 0
144, 0
145, 0
146, 0
147, 0
148, 0
149, 0
150, 0
151, 0
152, 0
153, 0
154, 0
155, 0
156, 0
157, 0
158, 0
159, 0
160, 0
161, 0
162, 0
163, 0
164, 0
165, 0
166, 0
167, 0
168, 0
169, 0
170, 0
171, 0
172, 0
173, 0
174, 0
175, 0
176, 0
177, 0
178, 0
179, 0
180, 0
181, 0
182, 0
183, 0
184, 0
185, 0
186, 0
187, 0
188, 0
189, 0
190, 0
191, 0
192, 0
193, 0
194, 0
195, 0
196, 0
197, 0
198, 0
199, 0
200, 0
201, 0
202, 0
203, 0
========================================================================
========================================================================
Flow: 172.17.0.2:1883 -> 192.168.25.63:44865

second, bytes
0, 0
1, 0
2, 0
3, 0
4, 0
5, 0
6, 0
7, 0
8, 0
9, 0
10, 0
11, 0
12, 0
13, 0
14, 0
15, 0
16, 0
17, 0
18, 0
19, 0
20, 0
21, 0
22, 0
23, 0
24, 0
25, 0
26, 0
27, 0
28, 0
29, 0
30, 0
31, 210
32, 142
33, 0
34, 0
35, 0
36, 0
37, 0
38, 0
39, 0
40, 0
41, 0
42, 0
43, 0
44, 0
45, 0
46, 0
47, 0
48, 0
49, 0
50, 71
51, 0
52, 0
53, 0
54, 0
55, 0
56, 0
57, 0
58, 0
59, 0
60, 0
61, 0
62, 0
63, 0
64, 0
65, 0
66, 0
67, 0
68, 0
69, 0
70, 0
71, 0
72, 0
73, 0
74, 0
75, 0
76, 0
77, 0
78, 0
79, 0
80, 95
81, 0
82, 0
83, 380
84, 190
85, 95
86, 190
87, 95
88, 0
89, 0
90, 0
91, 0
92, 0
93, 0
94, 0
95, 0
96, 0
97, 0
98, 0
99, 0
100, 0
101, 0
102, 0
103, 0
104, 0
105, 0
106, 0
107, 0
108, 0
109, 71
110, 0
111, 0
112, 0
113, 0
114, 0
115, 0
116, 0
117, 0
118, 0
119, 0
120, 0
121, 0
122, 0
123, 0
124, 0
125, 0
126, 0
127, 0
128, 0
129, 0
130, 0
131, 0
132, 0
133, 0
134, 0
135, 0
136, 0
137, 0
138, 0
139, 0
140, 0
141, 0
142, 0
143, 0
144, 0
145, 0
146, 0
147, 0
148, 0
149, 0
150, 0
151, 0
152, 0
153, 0
154, 0
155, 550
156, 924
157, 1540
158, 924
159, 0
160, 0
161, 0
162, 0
163, 0
164, 0
165, 0
166, 0
167, 0
168, 0
169, 0
170, 0
171, 0
172, 0
173, 0
174, 137
175, 0
176, 0
177, 0
178, 0
179, 0
180, 0
181, 0
182, 0
183, 0
184, 0
185, 0
186, 0
187, 0
188, 0
189, 0
190, 0
191, 0
192, 0
193, 0
194, 0
195, 190
196, 570
197, 475
198, 0
199, 0
200, 0
201, 0
202, 0
203, 0
========================================================================
