============================= QoS = 0 ===============================
us: [2815, 3217, 3121, 2659, 3076, 2639, 2408, 2880, 2488, 3789, 3723, 2689, 2498, 2194, 2456, 2531, 2588, 3061, 2299, 2282, 2934, 2216, 2415, 2494, 4068, 2281, 2691, 2443, 2314, 2542, 2678, 2503, 2583, 2300, 3604, 2971, 2408, 2644, 2619, 2367, 2263, 2789, 2201, 2502, 2344, 2882, 2380, 2798, 2048, 2413, 2261, 2532, 2631, 2318, 2455, 2320, 3903, 2407, 2322, 2824, 2258, 2484, 3741, 2597, 2765, 2284, 2991, 2359, 2411, 2585, 3092, 2649, 2107, 2670, 2325, 3357, 2616, 2564, 2843, 2502, 2933]
ms: [2.815, 3.217, 3.121, 2.659, 3.076, 2.639, 2.408, 2.88, 2.488, 3.789, 3.723, 2.689, 2.498, 2.194, 2.456, 2.531, 2.588, 3.061, 2.299, 2.282, 2.934, 2.216, 2.415, 2.494, 4.068, 2.281, 2.691, 2.443, 2.314, 2.542, 2.678, 2.503, 2.583, 2.3, 3.604, 2.971, 2.408, 2.644, 2.619, 2.367, 2.263, 2.789, 2.201, 2.502, 2.344, 2.882, 2.38, 2.798, 2.048, 2.413, 2.261, 2.532, 2.631, 2.318, 2.455, 2.32, 3.903, 2.407, 2.322, 2.824, 2.258, 2.484, 3.741, 2.597, 2.765, 2.284, 2.991, 2.359, 2.411, 2.585, 3.092, 2.649, 2.107, 2.67, 2.325, 3.357, 2.616, 2.564, 2.843, 2.502, 2.933]
s: [0.002815, 0.003217, 0.003121, 0.002659, 0.003076, 0.002639, 0.002408, 0.00288, 0.002488, 0.003789, 0.003723, 0.002689, 0.002498, 0.002194, 0.002456, 0.002531, 0.002588, 0.003061, 0.002299, 0.002282, 0.002934, 0.002216, 0.002415, 0.002494, 0.004068, 0.002281, 0.002691, 0.002443, 0.002314, 0.002542, 0.002678, 0.002503, 0.002583, 0.0023, 0.003604, 0.002971, 0.002408, 0.002644, 0.002619, 0.002367, 0.002263, 0.002789, 0.002201, 0.002502, 0.002344, 0.002882, 0.00238, 0.002798, 0.002048, 0.002413, 0.002261, 0.002532, 0.002631, 0.002318, 0.002455, 0.00232, 0.003903, 0.002407, 0.002322, 0.002824, 0.002258, 0.002484, 0.003741, 0.002597, 0.002765, 0.002284, 0.002991, 0.002359, 0.002411, 0.002585, 0.003092, 0.002649, 0.002107, 0.00267, 0.002325, 0.003357, 0.002616, 0.002564, 0.002843, 0.002502, 0.002933]
max(us)=4068.0, max(ms)=4.068, max(s)=0.004068
min(us)=2048.0, min(ms)=2.048, min(s)=0.002048
avg(us)=2656.962962962963, avg(ms)=2.656962962962963, avg(s)=0.002656962962962963
median(us)=2542.0, median(ms)=2.542, median(s)=0.002542
========================================================================
============================= QoS = 1 ===============================
us: [7241, 3287, 5866, 4289, 7131, 6693, 6500, 7187, 5968, 6326, 6714, 3108, 3017, 6514, 6098, 3299, 6068, 3002, 6503, 5966, 6201, 6287, 6854, 6421, 5910, 6088, 6057, 6499, 7512, 5757, 6749, 5842, 5842, 3518, 6390, 6790, 2743, 6930, 2702, 6553, 3569, 7051, 6058, 5366, 6785, 6367, 2730, 6958, 11867, 5919, 5843, 6765, 3065, 2876, 7279, 7867, 8391, 7046, 3551, 6233, 5785, 3154, 5728, 7214, 10558, 6381, 6958, 5628, 3259, 5961, 5868, 6120, 5963, 6000, 6212, 10503, 6162, 10171, 6842, 3220, 8625, 5878, 7552, 5924, 6072, 6084, 2406, 3068, 6352, 5814, 6012, 6926, 6254, 2908, 6422, 6682, 2835, 6474, 7387, 5573, 6370, 5606, 3544, 6119, 2981, 7944, 6222, 6517, 6087, 20389, 7386, 14574, 6472, 6112, 6400, 5881, 7475, 5786, 6265, 5744, 5816, 6124, 5746, 6284, 5316, 6218, 6351, 6431, 5820, 6381, 6566, 5795, 2792, 5878, 6268, 3183, 6830, 5926, 7004, 6526, 2679, 5696, 6175, 7602, 3237, 5767, 5715, 6271, 5656, 6434, 8982, 6662, 6199, 3172, 6410, 5720]
ms: [7.241, 3.287, 5.866, 4.289, 7.131, 6.693, 6.5, 7.187, 5.968, 6.326, 6.714, 3.108, 3.017, 6.514, 6.098, 3.299, 6.068, 3.002, 6.503, 5.966, 6.201, 6.287, 6.854, 6.421, 5.91, 6.088, 6.057, 6.499, 7.512, 5.757, 6.749, 5.842, 5.842, 3.518, 6.39, 6.79, 2.743, 6.93, 2.702, 6.553, 3.569, 7.051, 6.058, 5.366, 6.785, 6.367, 2.73, 6.958, 11.867, 5.919, 5.843, 6.765, 3.065, 2.876, 7.279, 7.867, 8.391, 7.046, 3.551, 6.233, 5.785, 3.154, 5.728, 7.214, 10.558, 6.381, 6.958, 5.628, 3.259, 5.961, 5.868, 6.12, 5.963, 6.0, 6.212, 10.503, 6.162, 10.171, 6.842, 3.22, 8.625, 5.878, 7.552, 5.924, 6.072, 6.084, 2.406, 3.068, 6.352, 5.814, 6.012, 6.926, 6.254, 2.908, 6.422, 6.682, 2.835, 6.474, 7.387, 5.573, 6.37, 5.606, 3.544, 6.119, 2.981, 7.944, 6.222, 6.517, 6.087, 20.389, 7.386, 14.574, 6.472, 6.112, 6.4, 5.881, 7.475, 5.786, 6.265, 5.744, 5.816, 6.124, 5.746, 6.284, 5.316, 6.218, 6.351, 6.431, 5.82, 6.381, 6.566, 5.795, 2.792, 5.878, 6.268, 3.183, 6.83, 5.926, 7.004, 6.526, 2.679, 5.696, 6.175, 7.602, 3.237, 5.767, 5.715, 6.271, 5.656, 6.434, 8.982, 6.662, 6.199, 3.172, 6.41, 5.72]
s: [0.007241, 0.003287, 0.005866, 0.004289, 0.007131, 0.006693, 0.0065, 0.007187, 0.005968, 0.006326, 0.006714, 0.003108, 0.003017, 0.006514, 0.006098, 0.003299, 0.006068, 0.003002, 0.006503, 0.005966, 0.006201, 0.006287, 0.006854, 0.006421, 0.00591, 0.006088, 0.006057, 0.006499, 0.007512, 0.005757, 0.006749, 0.005842, 0.005842, 0.003518, 0.00639, 0.00679, 0.002743, 0.00693, 0.002702, 0.006553, 0.003569, 0.007051, 0.006058, 0.005366, 0.006785, 0.006367, 0.00273, 0.006958, 0.011867, 0.005919, 0.005843, 0.006765, 0.003065, 0.002876, 0.007279, 0.007867, 0.008391, 0.007046, 0.003551, 0.006233, 0.005785, 0.003154, 0.005728, 0.007214, 0.010558, 0.006381, 0.006958, 0.005628, 0.003259, 0.005961, 0.005868, 0.00612, 0.005963, 0.006, 0.006212, 0.010503, 0.006162, 0.010171, 0.006842, 0.00322, 0.008625, 0.005878, 0.007552, 0.005924, 0.006072, 0.006084, 0.002406, 0.003068, 0.006352, 0.005814, 0.006012, 0.006926, 0.006254, 0.002908, 0.006422, 0.006682, 0.002835, 0.006474, 0.007387, 0.005573, 0.00637, 0.005606, 0.003544, 0.006119, 0.002981, 0.007944, 0.006222, 0.006517, 0.006087, 0.020389, 0.007386, 0.014574, 0.006472, 0.006112, 0.0064, 0.005881, 0.007475, 0.005786, 0.006265, 0.005744, 0.005816, 0.006124, 0.005746, 0.006284, 0.005316, 0.006218, 0.006351, 0.006431, 0.00582, 0.006381, 0.006566, 0.005795, 0.002792, 0.005878, 0.006268, 0.003183, 0.00683, 0.005926, 0.007004, 0.006526, 0.002679, 0.005696, 0.006175, 0.007602, 0.003237, 0.005767, 0.005715, 0.006271, 0.005656, 0.006434, 0.008982, 0.006662, 0.006199, 0.003172, 0.00641, 0.00572]
max(us)=20389.0, max(ms)=20.389, max(s)=0.020389
min(us)=2406.0, min(ms)=2.406, min(s)=0.002406
avg(us)=6066.9807692307695, avg(ms)=6.06698076923077, avg(s)=0.00606698076923077
median(us)=6162.0, median(ms)=6.162, median(s)=0.006162
========================================================================
============================= QoS = 2 ===============================
us: [6428, 5676, 12099, 5988, 5979, 6509, 5430, 6062, 6017, 5459, 6091, 13095, 11529, 12387, 6419, 6122, 28569, 6302, 14231, 10744, 6422, 7425, 5967, 6212, 10637, 5668, 6418, 10841, 5586, 5922, 5870, 6103, 6858, 6097, 6074, 15263, 5942, 10768, 5641, 12344, 6419, 5566, 11010, 12282, 11099, 10975, 5604, 10397, 6101, 10450, 13600, 7003, 10831, 10743, 5586, 10698, 7353, 10612, 14542, 14809, 5412, 15492, 6836, 5956, 11994, 13195, 6433, 10827, 6016, 5320, 12386, 12290, 11319, 5759, 6012, 11692, 12524, 5658, 6351, 12864, 6014, 5522, 5735, 15165, 5969, 6405, 5950, 6435, 6235, 5812, 11296, 11173, 13327, 11196, 5831, 6146, 19183, 5951, 11428, 11161, 10663, 5700, 11203, 11252, 5935, 10986, 12074, 5695, 12815, 11415, 6055, 11049, 5737, 10706, 6176, 11327, 5990, 11596, 20052, 11841, 6213, 5894, 5279, 6258, 6706, 5759, 6940, 11157, 12145, 5620, 10905, 10807, 10879, 11997, 5941, 6002, 5535, 10395, 13039, 5984, 5609, 16714, 8059, 8011, 14878, 15540, 11665, 6497, 14149, 11693, 11509, 11621, 5706, 5740, 10960, 6441, 11312, 10855, 10635, 5646, 6223, 6358, 5497, 5568, 6152, 10854, 11181, 11278, 11266, 14139, 5967, 5205, 5599, 10981, 5874, 10953, 5632, 6778, 6034]
ms: [6.428, 5.676, 12.099, 5.988, 5.979, 6.509, 5.43, 6.062, 6.017, 5.459, 6.091, 13.095, 11.529, 12.387, 6.419, 6.122, 28.569, 6.302, 14.231, 10.744, 6.422, 7.425, 5.967, 6.212, 10.637, 5.668, 6.418, 10.841, 5.586, 5.922, 5.87, 6.103, 6.858, 6.097, 6.074, 15.263, 5.942, 10.768, 5.641, 12.344, 6.419, 5.566, 11.01, 12.282, 11.099, 10.975, 5.604, 10.397, 6.101, 10.45, 13.6, 7.003, 10.831, 10.743, 5.586, 10.698, 7.353, 10.612, 14.542, 14.809, 5.412, 15.492, 6.836, 5.956, 11.994, 13.195, 6.433, 10.827, 6.016, 5.32, 12.386, 12.29, 11.319, 5.759, 6.012, 11.692, 12.524, 5.658, 6.351, 12.864, 6.014, 5.522, 5.735, 15.165, 5.969, 6.405, 5.95, 6.435, 6.235, 5.812, 11.296, 11.173, 13.327, 11.196, 5.831, 6.146, 19.183, 5.951, 11.428, 11.161, 10.663, 5.7, 11.203, 11.252, 5.935, 10.986, 12.074, 5.695, 12.815, 11.415, 6.055, 11.049, 5.737, 10.706, 6.176, 11.327, 5.99, 11.596, 20.052, 11.841, 6.213, 5.894, 5.279, 6.258, 6.706, 5.759, 6.94, 11.157, 12.145, 5.62, 10.905, 10.807, 10.879, 11.997, 5.941, 6.002, 5.535, 10.395, 13.039, 5.984, 5.609, 16.714, 8.059, 8.011, 14.878, 15.54, 11.665, 6.497, 14.149, 11.693, 11.509, 11.621, 5.706, 5.74, 10.96, 6.441, 11.312, 10.855, 10.635, 5.646, 6.223, 6.358, 5.497, 5.568, 6.152, 10.854, 11.181, 11.278, 11.266, 14.139, 5.967, 5.205, 5.599, 10.981, 5.874, 10.953, 5.632, 6.778, 6.034]
s: [0.006428, 0.005676, 0.012099, 0.005988, 0.005979, 0.006509, 0.00543, 0.006062, 0.006017, 0.005459, 0.006091, 0.013095, 0.011529, 0.012387, 0.006419, 0.006122, 0.028569, 0.006302, 0.014231, 0.010744, 0.006422, 0.007425, 0.005967, 0.006212, 0.010637, 0.005668, 0.006418, 0.010841, 0.005586, 0.005922, 0.00587, 0.006103, 0.006858, 0.006097, 0.006074, 0.015263, 0.005942, 0.010768, 0.005641, 0.012344, 0.006419, 0.005566, 0.01101, 0.012282, 0.011099, 0.010975, 0.005604, 0.010397, 0.006101, 0.01045, 0.0136, 0.007003, 0.010831, 0.010743, 0.005586, 0.010698, 0.007353, 0.010612, 0.014542, 0.014809, 0.005412, 0.015492, 0.006836, 0.005956, 0.011994, 0.013195, 0.006433, 0.010827, 0.006016, 0.00532, 0.012386, 0.01229, 0.011319, 0.005759, 0.006012, 0.011692, 0.012524, 0.005658, 0.006351, 0.012864, 0.006014, 0.005522, 0.005735, 0.015165, 0.005969, 0.006405, 0.00595, 0.006435, 0.006235, 0.005812, 0.011296, 0.011173, 0.013327, 0.011196, 0.005831, 0.006146, 0.019183, 0.005951, 0.011428, 0.011161, 0.010663, 0.0057, 0.011203, 0.011252, 0.005935, 0.010986, 0.012074, 0.005695, 0.012815, 0.011415, 0.006055, 0.011049, 0.005737, 0.010706, 0.006176, 0.011327, 0.00599, 0.011596, 0.020052, 0.011841, 0.006213, 0.005894, 0.005279, 0.006258, 0.006706, 0.005759, 0.00694, 0.011157, 0.012145, 0.00562, 0.010905, 0.010807, 0.010879, 0.011997, 0.005941, 0.006002, 0.005535, 0.010395, 0.013039, 0.005984, 0.005609, 0.016714, 0.008059, 0.008011, 0.014878, 0.01554, 0.011665, 0.006497, 0.014149, 0.011693, 0.011509, 0.011621, 0.005706, 0.00574, 0.01096, 0.006441, 0.011312, 0.010855, 0.010635, 0.005646, 0.006223, 0.006358, 0.005497, 0.005568, 0.006152, 0.010854, 0.011181, 0.011278, 0.011266, 0.014139, 0.005967, 0.005205, 0.005599, 0.010981, 0.005874, 0.010953, 0.005632, 0.006778, 0.006034]
max(us)=28569.0, max(ms)=28.569, max(s)=0.028569
min(us)=5205.0, min(ms)=5.205, min(s)=0.005205
avg(us)=8970.083798882682, avg(ms)=8.970083798882682, avg(s)=0.008970083798882682
median(us)=6858.0, median(ms)=6.858, median(s)=0.006858
========================================================================
